0.0 0.0 1.5707963267948966 125.95671633579087
-61248.1367478616 4662.215846121733 0.0 1193.7158926932645
0.0 0.0 1.5707963267948966 175.84647291403888
-62261.53746252042 8170.788660254746 0.0 1053.5908343603946
0.0 0.0 1.5707963267948966 161.7938019433626
-62046.705146887085 7045.575682668065 0.0 1093.2928396722739
0.0 0.0 1.5707963267948966 113.32223119463234
-61190.82764522412 5047.999956742481 0.0 934.3013377528777
0.0 0.0 1.5707963267948966 109.88069855140398
-60737.60939367205 4347.744520368175 0.0 985.2007897235673
0.0 0.0 1.5707963267948966 146.3714243643955
-61204.83962062012 5617.4132026708385 0.0 1158.1541756959614
0.0 0.0 1.5707963267948966 121.58055025558943
-60491.9058626311 5788.655852174668 0.0 896.4880228241136
0.0 0.0 1.5707963267948966 109.89424108424298
-62503.97865336923 4308.238387339609 0.0 1094.3812782376433
0.0 0.0 1.5707963267948966 154.92232765199253
-61805.881412573624 6158.2269847660455 0.0 1173.8037180874524
0.0 0.0 1.5707963267948966 101.05231267110092
-60932.02812430562 3868.0845584669364 0.0 1139.7842330617743
0.0 0.0 1.5707963267948966 120.81687164030892
-60862.92825192845 4613.005263357504 0.0 1188.3711511967235
0.0 0.0 1.5707963267948966 171.34182292597342
-62245.51543656504 7220.496540705467 0.0 1168.1802793703837
0.0 0.0 1.5707963267948966 137.26320676114187
-62327.64899064899 5579.945172500324 0.0 1111.1180433282634
0.0 0.0 1.5707963267948966 110.84850640475037
-62782.507477262545 4459.0464791343375 0.0 1095.9356944636093
0.0 0.0 1.5707963267948966 131.86334877936008
-60936.468937098514 8125.031749316314 0.0 762.1432415755629
0.0 0.0 1.5707963267948966 121.96078086305889
-62014.780238294254 7933.4061049818065 0.0 765.6461476997729
0.0 0.0 1.5707963267948966 112.9121340789634
-62500.27299439897 4491.491488525604 0.0 1194.8999315710773
0.0 0.0 1.5707963267948966 140.17734686697696
-60731.847693646494 6412.751657891217 0.0 908.38269797524
0.0 0.0 1.5707963267948966 126.22822285781902
-61639.19769989338 4707.656194609841 0.0 1166.1340480872566
0.0 0.0 1.5707963267948966 101.09551252378985
-61941.07792252334 3806.860715318183 0.0 1181.9674127968065
0.0 0.0 1.5707963267948966 103.76612000023073
-61641.59745014948 6632.4067470124055 0.0 860.6028930534214
0.0 0.0 1.5707963267948966 116.62223014885677
-61336.88064698777 4458.303868826766 0.0 1126.1582357910381
0.0 0.0 1.5707963267948966 103.19918278933213
-61394.401850582784 4968.391479503218 0.0 962.4664670036166
0.0 0.0 1.5707963267948966 116.81090742473901
-61353.87207869627 5313.588570155571 0.0 920.0655361762746
0.0 0.0 1.5707963267948966 156.72753585777514
-61667.26581759988 7942.220244727021 0.0 831.563174928891
0.0 0.0 1.5707963267948966 150.889584392785
-61687.01940267374 7463.480528503442 0.0 851.2678685285525
0.0 0.0 1.5707963267948966 105.12340897612836
-60751.61860932186 3981.908588030955 0.0 1085.1054948645112
0.0 0.0 1.5707963267948966 130.63623409150574
-61756.371954512375 5850.797327892753 0.0 978.0566077588866
0.0 0.0 1.5707963267948966 134.47074952798252
-60971.858065087596 6329.997316604819 0.0 880.6738334565124
0.0 0.0 1.5707963267948966 118.01702742852723
-61268.341523109615 4862.500147753955 0.0 1039.4471771562537
0.0 0.0 1.5707963267948966 111.47004894270589
-60986.30437022679 4454.278557902178 0.0 1051.3391041576283
0.0 0.0 1.5707963267948966 132.56778476321762
-61321.1540578127 5938.966911749164 0.0 940.5311251146713
0.0 0.0 1.5707963267948966 107.29858550801595
-62938.15954843281 4107.005034171679 0.0 1172.1803730226193
0.0 0.0 1.5707963267948966 140.888466832291
-60436.375614524964 6613.552825502778 0.0 884.8738436166392
0.0 0.0 1.5707963267948966 118.63815042472243
-60897.01100840088 4194.236528012356 0.0 1154.0486342129213
0.0 0.0 1.5707963267948966 115.18462433674796
-61545.369386059334 4340.450266985827 0.0 1110.1017692017335
0.0 0.0 1.5707963267948966 113.10281574195812
-60847.861483663095 4443.2395236933135 0.0 975.4631120139857
0.0 0.0 1.5707963267948966 132.85495762665767
-61300.43114882828 5419.9150176955 0.0 1030.3565663954416
0.0 0.0 1.5707963267948966 112.21378616137227
-62993.89757502497 4178.749123041506 0.0 1194.7931678834932
0.0 0.0 1.5707963267948966 138.46367725471353
-60964.368246720536 5469.452957958117 0.0 1184.875292979218
0.0 0.0 1.5707963267948966 114.67405175305238
-62001.48896633293 4136.201767334319 0.0 1194.7337338456139
0.0 0.0 1.5707963267948966 118.24099058467222
-61179.88700272084 4558.715139586867 0.0 1086.060217344979
0.0 0.0 1.5707963267948966 145.41783042113966
-61701.23925289603 6231.631405764008 0.0 1069.1783741485099
0.0 0.0 1.5707963267948966 145.78140160397547
-62178.08584334544 7318.547933566346 0.0 864.368052038385
0.0 0.0 1.5707963267948966 124.54000750465003
-60726.959513103924 5213.359164165711 0.0 994.8317562675439
0.0 0.0 1.5707963267948966 117.19555965615308
-62333.13036919284 5661.729407596875 0.0 939.6910745717837
0.0 0.0 1.5707963267948966 111.8191189793599
-61896.23497360632 7405.760777509915 0.0 829.9700661952158
0.0 0.0 1.5707963267948966 102.58959443576362
-62677.29644383929 4625.111167906657 0.0 941.3042604583113
0.0 0.0 1.5707963267948966 139.90944159447463
-61694.301342170496 5805.820295438687 0.0 1076.0928571456361
0.0 0.0 1.5707963267948966 147.92628131054954
-62157.80396225904 6167.111758926794 0.0 1098.5546037323713
0.0 0.0 1.5707963267948966 123.80589553228245
-62932.98078991648 4515.957635485678 0.0 1189.9414710035383
0.0 0.0 1.5707963267948966 142.37424599922787
-62320.84262973621 6524.521432334113 0.0 935.022593731567
0.0 0.0 1.5707963267948966 109.07507468301428
-60458.59429106697 7134.884263792053 0.0 807.5368199907135
0.0 0.0 1.5707963267948966 113.84518308744457
-61985.77127264738 5030.598066631885 0.0 938.6070780751859
0.0 0.0 1.5707963267948966 113.00256710989373
-61230.11060699931 4531.905359627258 0.0 1103.3686597434876
0.0 0.0 1.5707963267948966 150.58097131416076
-62067.8542935989 6205.877384851195 0.0 1104.8416700255898
0.0 0.0 1.5707963267948966 147.88275480676376
-61264.08825522355 5896.6097040683335 0.0 1131.457371586491
0.0 0.0 1.5707963267948966 152.6793096845943
-61417.10561796153 6154.286192676101 0.0 1199.402137436385
0.0 0.0 1.5707963267948966 112.56138710274992
-61789.31229669847 7255.02850895925 0.0 777.6982474311083
0.0 0.0 1.5707963267948966 132.90670444441125
-60660.857190395196 6043.133347110075 0.0 912.2028530067215
0.0 0.0 1.5707963267948966 119.55283319423108
-62755.77635297509 4725.163933315163 0.0 1076.1407523192759
0.0 0.0 1.5707963267948966 144.43622917403013
-62128.33830971275 5559.881667430371 0.0 1169.4504505981809
0.0 0.0 1.5707963267948966 116.11371244182011
-62370.651188230695 4954.374781421682 0.0 1051.9250509689261
0.0 0.0 1.5707963267948966 150.9377870546149
-61012.046606442374 6333.57482444631 0.0 1089.014528193374
0.0 0.0 1.5707963267948966 100.94282046204448
-60957.87114626943 6211.495355450201 0.0 758.3802296909748
0.0 0.0 1.5707963267948966 120.70088023087831
-60933.54736202049 5668.04902568757 0.0 914.5962152690763
0.0 0.0 1.5707963267948966 129.1852962317352
-62554.74150509496 5880.3688074389875 0.0 961.8780809039381
0.0 0.0 1.5707963267948966 129.40335279096846
-60562.925148426264 5843.487423949154 0.0 930.7016134251012
0.0 0.0 1.5707963267948966 106.97202821287173
-61519.62016630264 4286.134145554089 0.0 1022.4370260398837
0.0 0.0 1.5707963267948966 115.34164802290474
-62942.13236473927 4671.399996894668 0.0 1048.5283443047035
0.0 0.0 1.5707963267948966 133.86926077919344
-62796.114608061056 6739.430739263717 0.0 865.5686087744507
0.0 0.0 1.5707963267948966 100.78129390455382
-61167.28362176519 4209.440128585661 0.0 997.1879967540825
0.0 0.0 1.5707963267948966 107.11358447607601
-61332.63958680503 4235.024484636441 0.0 987.3857122993456
0.0 0.0 1.5707963267948966 113.73413140477379
-62217.15627340889 4886.819396011152 0.0 958.5987924722195
0.0 0.0 1.5707963267948966 119.83396079166758
-61081.660726445036 4637.432886112324 0.0 1192.3155330844186
0.0 0.0 1.5707963267948966 103.08711747694296
-62145.047751792416 6350.456654615119 0.0 875.1463350233633
0.0 0.0 1.5707963267948966 122.58891570340455
-60730.42092248417 5078.808077654252 0.0 1081.2005001958541
0.0 0.0 1.5707963267948966 122.73663176346048
-61464.425044930045 5458.232558559758 0.0 930.214215900801
0.0 0.0 1.5707963267948966 109.26231457849595
-61120.059989966816 4477.075899115771 0.0 1007.2566603346039
0.0 0.0 1.5707963267948966 110.47428592042253
-61235.73966940929 4695.959503706386 0.0 999.260811711352
0.0 0.0 1.5707963267948966 120.06071601478136
-62116.48777908886 4825.255978274311 0.0 1114.6202519600965
0.0 0.0 1.5707963267948966 161.24581365610214
-60733.307821055554 6381.317981136212 0.0 1188.3635475597375
0.0 0.0 1.5707963267948966 108.19564008040788
-62484.25624540537 4490.699908941021 0.0 979.0307006086015
0.0 0.0 1.5707963267948966 124.3364415466261
-60674.806008627194 4469.644567880777 0.0 1176.1797448180027
0.0 0.0 1.5707963267948966 133.91725974616838
-61573.10004696343 5880.58140001392 0.0 959.8845814330462
0.0 0.0 1.5707963267948966 141.44670940437194
-61876.91287687636 5727.329039639407 0.0 1104.1118823686872
0.0 0.0 1.5707963267948966 148.41448621801652
-62165.098232563236 6502.2238679464135 0.0 1084.3088139343572
0.0 0.0 1.5707963267948966 146.57071496360618
-60999.021056451784 6460.239448518342 0.0 1007.8372297513922
0.0 0.0 1.5707963267948966 145.08022465999574
-62076.69848340918 6786.351548880503 0.0 902.1707569698244
0.0 0.0 1.5707963267948966 108.31280924637633
-60696.08617033956 4181.696185109588 0.0 1126.3584580658385
0.0 0.0 1.5707963267948966 101.78120997437095
-61303.36730763989 6431.759473672426 0.0 720.7879845813309
0.0 0.0 1.5707963267948966 108.2045598476483
-60944.282717734925 4369.898030860148 0.0 995.7203642644442
0.0 0.0 1.5707963267948966 149.9479020861054
-60601.03875506362 5948.06879118604 0.0 1152.430983064312
0.0 0.0 1.5707963267948966 149.55579854481795
-61205.36118874407 6807.7113418317285 0.0 961.2780277770404
0.0 0.0 1.5707963267948966 100.91455612012865
-62752.37234638685 3958.2715306397613 0.0 1179.7244657741912
0.0 0.0 1.5707963267948966 116.2467814610468
-60610.39236372899 4513.34859574754 0.0 1173.5013389614223
0.0 0.0 1.5707963267948966 126.53848897577078
-61791.598807017326 4665.568594474281 0.0 1173.3733759956056
0.0 0.0 1.5707963267948966 109.15385173244813
-62176.76748763928 4761.425035985404 0.0 977.7209064136456
0.0 0.0 1.5707963267948966 110.61602525124431
-61203.642688775326 4690.849223353398 0.0 989.5792054428339
0.0 0.0 1.5707963267948966 124.56054911012163
-60729.21579034936 5088.489962668166 0.0 977.6894458784367
0.0 0.0 1.5707963267948966 123.0418077008579
-61029.082934247235 4948.113152420123 0.0 1050.0371058965793
0.0 0.0 1.5707963267948966 100.78543868382648
-61491.768523244995 6560.502824062494 0.0 701.7252031192265
0.0 0.0 1.5707963267948966 111.20997261415259
-60818.18994966908 3817.5032889141867 0.0 1195.852567674929
0.0 0.0 1.5707963267948966 147.69653938818402
-61409.87682172501 7206.814010734196 0.0 860.1312138990402
0.0 0.0 1.5707963267948966 142.9872236250186
-62617.382461077155 7330.367995564051 0.0 874.6693101469051
0.0 0.0 1.5707963267948966 104.48766091394663
-61753.79691592709 4371.006686911222 0.0 986.6669720018035
0.0 0.0 1.5707963267948966 108.16594704400272
-60930.80354231163 3794.679251529124 0.0 1170.3987616344937
0.0 0.0 1.5707963267948966 103.29763882660208
-61019.27260819773 6489.990980384695 0.0 713.4825988984751
0.0 0.0 1.5707963267948966 134.82039455977227
-62262.16811963866 5794.855739838874 0.0 1017.4264503255274
0.0 0.0 1.5707963267948966 100.00697737989157
-62542.01345911328 6477.1618904315865 0.0 710.0179934497189
0.0 0.0 1.5707963267948966 187.0114333223342
-60892.99670781171 8945.259433216012 0.0 1005.9406017130283
0.0 0.0 1.5707963267948966 100.13490646509341
-61410.70620151087 3898.1174460269467 0.0 1001.9287809018522
0.0 0.0 1.5707963267948966 155.4028760924161
-60949.94977532435 6527.913121235001 0.0 1099.5588275024222
0.0 0.0 1.5707963267948966 120.48890015076721
-62798.975449432066 4736.114156706807 0.0 1147.1355741841228
0.0 0.0 1.5707963267948966 129.0692017090988
-62065.04032904608 5337.114554309781 0.0 1090.822350237263
0.0 0.0 1.5707963267948966 103.005154176514
-60829.688835054105 6188.734700541157 0.0 874.2826084177822
0.0 0.0 1.5707963267948966 155.86564221175257
-60847.07659914232 6428.950230352835 0.0 1122.3801454960856
0.0 0.0 1.5707963267948966 109.40371818817104
-61429.8679743425 4245.216306080934 0.0 1038.5142559053909
0.0 0.0 1.5707963267948966 105.29422524824969
-62178.39489776978 7020.924440512602 0.0 701.6182274405221
0.0 0.0 1.5707963267948966 108.43537269805657
-62927.988694130254 4301.7080546601055 0.0 1133.7192045188021
0.0 0.0 1.5707963267948966 104.67838433581474
-62387.55711120734 4220.863880970448 0.0 1067.9422341723932
0.0 0.0 1.5707963267948966 145.3888424703798
-61308.78085540804 6229.31653267393 0.0 1065.3766952278293
0.0 0.0 1.5707963267948966 124.979839147594
-61267.4338948277 5087.4391180028315 0.0 1072.247327907564
0.0 0.0 1.5707963267948966 166.25808402010136
-61453.96955320847 7056.5206650001455 0.0 1149.8578329480351
0.0 0.0 1.5707963267948966 112.35588188852023
-62724.909500566646 5308.857602444506 0.0 962.342559033974
0.0 0.0 1.5707963267948966 158.50101589000906
-62791.18281567282 6806.505617984283 0.0 1125.7266115330563
0.0 0.0 1.5707963267948966 107.10625492855674
-62822.5930008491 4441.077072862099 0.0 1101.2927591514797
0.0 0.0 1.5707963267948966 152.1376727179411
-61534.90104649 6080.266507447239 0.0 1140.04324779557
0.0 0.0 1.5707963267948966 150.27357506528847
-60508.21083334336 6867.646145712066 0.0 959.1849879292455
0.0 0.0 1.5707963267948966 166.00880005759166
-61379.921764908664 7992.811113267008 0.0 932.3282915052451
0.0 0.0 1.5707963267948966 103.79792363914935
-60691.16155161347 6459.390765182303 0.0 704.0935250679897
0.0 0.0 1.5707963267948966 106.36912184962607
-60911.74121897741 4639.451882501025 0.0 940.4572477279363
0.0 0.0 1.5707963267948966 167.6807608812076
-62417.17390537522 6969.953906736938 0.0 1167.2200207857054
0.0 0.0 1.5707963267948966 117.6640688812244
-62719.676296389895 5480.728735009548 0.0 966.3005641355396
0.0 0.0 1.5707963267948966 138.93032881365957
-61566.07305160219 5348.701571166962 0.0 1178.6540529208553
0.0 0.0 1.5707963267948966 156.868954474438
-61325.51005147276 6528.386274728217 0.0 1142.4017360478165
0.0 0.0 1.5707963267948966 110.4958797339979
-61338.441192667575 4715.775182184379 0.0 943.9396577597528
0.0 0.0 1.5707963267948966 160.09109239346023
-60995.56204726325 7648.180636213504 0.0 898.5356037584679
0.0 0.0 1.5707963267948966 107.23679940567155
-61270.2647482462 4728.8343747164745 0.0 948.0378007295948
0.0 0.0 1.5707963267948966 112.8008028346212
-60791.947924564585 4430.750927166993 0.0 1108.8666401997336
0.0 0.0 1.5707963267948966 101.5077293908543
-62151.9315251672 6575.147479631288 0.0 716.2146510547724
0.0 0.0 1.5707963267948966 160.9147652013678
-61349.45404159147 7483.488363659712 0.0 927.1018301958616
0.0 0.0 1.5707963267948966 120.26130156099701
-61962.49912271844 4695.608666635236 0.0 1091.5648127248096
0.0 0.0 1.5707963267948966 120.59459518774392
-62846.22984319382 4945.763759573729 0.0 1135.7832875379293
0.0 0.0 1.5707963267948966 101.38880756542314
-62348.09060964077 3949.9331074248003 0.0 1122.9386619925917
0.0 0.0 1.5707963267948966 125.97220916226894
-61659.588176903264 5599.786383651875 0.0 925.2605264513754
0.0 0.0 1.5707963267948966 127.1059923825778
-62751.30839887232 5425.864933094074 0.0 992.2763552031765
0.0 0.0 1.5707963267948966 123.82273505684198
-62486.30394768884 4734.566005114035 0.0 1199.9876801764312
0.0 0.0 1.5707963267948966 107.9874176879862
-60967.674946200845 4505.775664316698 0.0 950.5397421684904
0.0 0.0 1.5707963267948966 132.63460077753942
-61857.832570328406 5493.0896186565515 0.0 1142.4069428161117
0.0 0.0 1.5707963267948966 107.59069280270595
-60613.459985685506 7086.499578249802 0.0 811.3953291191181
0.0 0.0 1.5707963267948966 100.28650685128262
-61829.08052689468 3928.1994439101513 0.0 1050.8541522293856
0.0 0.0 1.5707963267948966 123.79159424919675
-60709.471241485444 7779.1159961264775 0.0 779.922712044007
0.0 0.0 1.5707963267948966 142.46800445539188
-60944.504541475275 6001.757847416747 0.0 1027.9367864888784
0.0 0.0 1.5707963267948966 135.95968580568646
-61847.409052671 6052.827939861527 0.0 959.5827078372195
0.0 0.0 1.5707963267948966 166.38666664540807
-60658.61804929598 7650.709113702629 0.0 973.6777832896331
0.0 0.0 1.5707963267948966 143.4841559836975
-60996.57565649169 5875.075567138607 0.0 1133.8113813196064
0.0 0.0 1.5707963267948966 129.4149526017905
-62483.87994878267 4979.393355432555 0.0 1177.2939767442915
0.0 0.0 1.5707963267948966 146.64540751546156
-61751.863477249295 6720.1196561423 0.0 936.7746567480717
0.0 0.0 1.5707963267948966 112.76304744707348
-62550.80677886208 7154.064981304161 0.0 771.626310477212
0.0 0.0 1.5707963267948966 100.64894190402323
-62208.44705471021 6352.870992358281 0.0 876.591721607944
0.0 0.0 1.5707963267948966 151.37508185791808
-62080.62821200988 7704.134755012707 0.0 833.6606400016267
0.0 0.0 1.5707963267948966 152.34937822613625
-62116.61292900389 6510.0691851044585 0.0 1083.6220614655879
0.0 0.0 1.5707963267948966 119.07369835482352
-61200.12939881665 4506.638925931015 0.0 1147.7599255124924
0.0 0.0 1.5707963267948966 103.37730359453369
-62612.7629741214 4329.908127252536 0.0 1033.8351442954413
0.0 0.0 1.5707963267948966 125.05070795708986
-60868.77446379901 4924.978448141087 0.0 1195.2465807362173
0.0 0.0 1.5707963267948966 147.8668313801759
-61239.927124241134 5793.351066996593 0.0 1162.2525274148657
0.0 0.0 1.5707963267948966 184.03363583211473
-60633.196194694305 7630.401320497794 0.0 1180.8086551304398
0.0 0.0 1.5707963267948966 111.78601671705081
-61907.95753085927 4668.725506644575 0.0 1059.0422993183588
0.0 0.0 1.5707963267948966 100.56947999202819
-62860.88342028866 4887.678203079651 0.0 979.333507702643
0.0 0.0 1.5707963267948966 100.07234888928224
-61659.902658429695 4738.862362003719 0.0 961.914639457086
0.0 0.0 1.5707963267948966 129.17433367760796
-60790.6877913545 5108.872787399865 0.0 1135.2762104041262
0.0 0.0 1.5707963267948966 100.37751827685068
-61430.05115174623 6596.57143536538 0.0 715.3350872865731
0.0 0.0 1.5707963267948966 125.02632678774842
-61852.441451508705 5375.06263262386 0.0 1030.8720660292795
0.0 0.0 1.5707963267948966 167.01899544680305
-60254.25655379106 7840.536860110856 0.0 926.2677537276827
0.0 0.0 1.5707963267948966 102.01956396972497
-62152.75796623722 3777.046277617434 0.0 1171.2243504230614
0.0 0.0 1.5707963267948966 116.36237262812244
-60885.3186450965 4223.392502571584 0.0 1174.262793550066
0.0 0.0 1.5707963267948966 165.18224483607545
-61408.40310875476 7893.964193241461 0.0 916.830962454021
0.0 0.0 1.5707963267948966 184.04004023422434
-61222.9246280484 7586.8843439532075 0.0 1188.1619312477967
0.0 0.0 1.5707963267948966 113.3696075037618
-61067.509055502 4517.752996963081 0.0 1030.099893549647
0.0 0.0 1.5707963267948966 116.24315625937692
-61096.951915478996 4969.018343347645 0.0 979.0713596598589
0.0 0.0 1.5707963267948966 123.20902812166011
-61429.23226801702 5083.062761019326 0.0 1015.0589272102653
0.0 0.0 1.5707963267948966 123.40611597654015
-62162.21856343606 6106.238577926962 0.0 900.345261596622
0.0 0.0 1.5707963267948966 118.66597105984677
-60951.55670805315 4924.008115737148 0.0 1069.8566375546527
0.0 0.0 1.5707963267948966 113.49689218191739
-61993.60382256502 5173.854521314397 0.0 943.382192003395
0.0 0.0 1.5707963267948966 146.1599213682027
-61084.145730981276 6231.916338055855 0.0 1064.684820020621
0.0 0.0 1.5707963267948966 106.57264879957798
-60482.99012673964 6831.211210346107 0.0 696.5815551355395
0.0 0.0 1.5707963267948966 161.1117234907526
-61227.41964966151 6597.535306350242 0.0 1150.5181949334244
0.0 0.0 1.5707963267948966 153.25579136726594
-61514.841725588136 7372.970801804892 0.0 903.1858019564775
0.0 0.0 1.5707963267948966 112.46430019850439
-61511.59777018277 4424.175209538183 0.0 1079.6545647982634
0.0 0.0 1.5707963267948966 105.5923751114827
-61221.55994787705 4383.424808021867 0.0 965.0301813416855
0.0 0.0 1.5707963267948966 138.35914060980866
-61604.53720433201 5635.005047184581 0.0 1131.4577381622316
0.0 0.0 1.5707963267948966 142.422170595287
-62653.18465107051 6281.89901723745 0.0 1035.0007324745332
0.0 0.0 1.5707963267948966 126.02639651831575
-61068.8978216544 7850.461046098487 0.0 765.6099413479423
0.0 0.0 1.5707963267948966 114.38559220015084
-61904.559275183055 4106.391772878585 0.0 1175.3195319271445
0.0 0.0 1.5707963267948966 123.45506340915676
-62042.559823300944 5169.027776832968 0.0 1045.7858120922049
0.0 0.0 1.5707963267948966 125.26016043497437
-62787.98319758757 5968.954473808581 0.0 899.2877892028893
0.0 0.0 1.5707963267948966 137.0915113395335
-61796.77116849306 6721.439969031518 0.0 883.2479626450807
0.0 0.0 1.5707963267948966 107.83363179044032
-62542.53162749237 7258.486487550313 0.0 691.9269650454512
0.0 0.0 1.5707963267948966 103.60968422629455
-61364.062165564974 4552.12299871995 0.0 1016.4940896925156
0.0 0.0 1.5707963267948966 143.01861393168167
-61448.40740483614 5964.801447001663 0.0 1062.3362303459114
0.0 0.0 1.5707963267948966 134.10462684472617
-62649.84201219424 5792.902376847533 0.0 1046.7908930585318
0.0 0.0 1.5707963267948966 144.0731737179656
-61061.40554553357 6065.661816167691 0.0 1073.804764825612
0.0 0.0 1.5707963267948966 129.39951153103237
-62228.614141533304 5695.960068435798 0.0 1010.7819447378824
0.0 0.0 1.5707963267948966 108.55975690145617
-60625.33016017254 4149.214484993934 0.0 1141.2980414798417
0.0 0.0 1.5707963267948966 183.747145888948
-61841.1056168615 8756.463053797743 0.0 1022.3594479484891
0.0 0.0 1.5707963267948966 161.40168865060747
-61520.72339490768 6504.674165302971 0.0 1179.9449076026558
0.0 0.0 1.5707963267948966 105.85514525851484
-62241.049156485344 3711.817194879325 0.0 1198.9745637890485
0.0 0.0 1.5707963267948966 164.72041286048193
-60546.982045164266 7782.54722532538 0.0 925.4616526117125
0.0 0.0 1.5707963267948966 118.79930120805989
-62704.21096147693 5134.144337858002 0.0 1021.8725278437697
0.0 0.0 1.5707963267948966 146.29776515301444
-61031.182012750294 5809.182755121698 0.0 1187.1251131843674
0.0 0.0 1.5707963267948966 110.61969972607123
-61697.77570946072 4493.748920045077 0.0 1087.866109866513
0.0 0.0 1.5707963267948966 141.91350207869928
-61862.15676301816 5771.651295833382 0.0 1139.2750354298332
0.0 0.0 1.5707963267948966 112.59049087882586
-60796.67168438613 4631.405525631726 0.0 1045.599501290871
0.0 0.0 1.5707963267948966 126.20582795474066
-62662.249514797695 4865.904429593447 0.0 1129.271543050328
0.0 0.0 1.5707963267948966 188.1617498940684
-61939.990927570514 8548.147121929018 0.0 1082.7350403748605
0.0 0.0 1.5707963267948966 150.04098305871122
-62105.97912647077 6282.521019436024 0.0 1102.3879616173522
0.0 0.0 1.5707963267948966 139.28366566544472
-60649.41165727579 5452.05425376801 0.0 1162.6889247726601
0.0 0.0 1.5707963267948966 146.68365228187136
-62633.06529162899 6428.842417877267 0.0 1059.6258301434582
0.0 0.0 1.5707963267948966 168.1298091395327
-60774.911262721624 6909.832319813873 0.0 1175.9404830889864
0.0 0.0 1.5707963267948966 115.65664723689898
-61224.285936848864 4390.969394444835 0.0 1196.947955060071
0.0 0.0 1.5707963267948966 169.99231450664968
-61355.31276029999 7173.280516475071 0.0 1129.9625624317282
0.0 0.0 1.5707963267948966 106.87677225147172
-61980.64940850934 4534.938746114696 0.0 1047.57472470724
0.0 0.0 1.5707963267948966 101.69203250269973
-60664.0965135145 6387.937745027006 0.0 701.175952121893
0.0 0.0 1.5707963267948966 148.0105121379061
-61326.39148565978 6125.550238175861 0.0 1081.0348739725953
0.0 0.0 1.5707963267948966 180.97957640265696
-61229.03843946538 9089.329781923647 0.0 884.2836019219872
0.0 0.0 1.5707963267948966 115.23528160833867
-61674.84165234731 4446.371665377849 0.0 1076.0219930681537
0.0 0.0 1.5707963267948966 131.51826059999877
-62652.90522274901 5777.2783652436165 0.0 1037.1170761341357
0.0 0.0 1.5707963267948966 103.26175869184728
-61827.174084096056 3936.972645744756 0.0 1129.9182154386
0.0 0.0 1.5707963267948966 140.49096636861248
-61089.62847234728 5814.489720487095 0.0 1072.9093367520359
0.0 0.0 1.5707963267948966 128.40606183046742
-61236.719940039635 4811.296403314138 0.0 1157.769332022258
0.0 0.0 1.5707963267948966 108.30315063942639
-62526.429085958014 4397.892234363151 0.0 1079.8366529703032
0.0 0.0 1.5707963267948966 103.22662799385166
-60875.149718332184 3693.6571833308712 0.0 1108.8207457993037
0.0 0.0 1.5707963267948966 142.70974423498828
-60566.87984495395 6134.351199714205 0.0 1010.9125893407314
0.0 0.0 1.5707963267948966 106.86075627990073
-62297.470063381545 4987.329857853889 0.0 965.3647802907543
0.0 0.0 1.5707963267948966 154.5186670783733
-62333.348682506454 7562.526975227585 0.0 899.7464241691621
0.0 0.0 1.5707963267948966 120.53400907310309
-60761.478195109485 5239.531048634695 0.0 957.4539994572384
0.0 0.0 1.5707963267948966 102.70482565276416
-61230.35444093185 3438.1881380961736 0.0 1172.4098997302053
0.0 0.0 1.5707963267948966 146.09450281646122
-61422.301632815936 6411.542035034237 0.0 1027.8638298308065
0.0 0.0 1.5707963267948966 146.9178824541538
-60625.4818684191 6826.026820003279 0.0 900.8599121472299
0.0 0.0 1.5707963267948966 112.86363503160332
-61157.10667505958 5814.552803345803 0.0 874.8466578271715
0.0 0.0 1.5707963267948966 112.4600483491482
-61091.18471285154 4427.04016384696 0.0 1018.0458994449884
0.0 0.0 1.5707963267948966 115.116602118122
-62051.3168171254 4158.371095112734 0.0 1165.1148016927584
0.0 0.0 1.5707963267948966 173.23997390095835
-61979.937943498335 8514.539809092492 0.0 915.8956260168186
0.0 0.0 1.5707963267948966 140.8585277842858
-61021.27079597927 5546.984982293473 0.0 1083.0725330306514
0.0 0.0 1.5707963267948966 150.14294565560164
-61795.06748922917 6426.909484829688 0.0 1096.0447369564145
0.0 0.0 1.5707963267948966 138.20044599005092
-61785.9550014504 6390.084420959182 0.0 932.5145418718674
0.0 0.0 1.5707963267948966 114.43927919267486
-62337.2561780264 4601.484124191685 0.0 1158.785460633169
0.0 0.0 1.5707963267948966 144.53791609274646
-62745.545902618825 6357.032902405536 0.0 1031.5179910372685
0.0 0.0 1.5707963267948966 150.8218200867293
-62323.812024342245 6037.497480275815 0.0 1197.1791822471055
0.0 0.0 1.5707963267948966 111.2382759298017
-62259.60505874956 4683.125171627034 0.0 1027.154297444858
0.0 0.0 1.5707963267948966 138.68976935826822
-61168.550457234865 5692.172781234331 0.0 1050.7420734972093
0.0 0.0 1.5707963267948966 105.0228061147475
-60575.48905570702 6581.557587379855 0.0 843.781639555487
0.0 0.0 1.5707963267948966 108.30010983888481
-62120.04003341132 4060.913092474795 0.0 1148.2529366526092
0.0 0.0 1.5707963267948966 129.16690797527167
-61076.82993178861 5387.233735802517 0.0 1010.5864972450405
0.0 0.0 1.5707963267948966 107.84623957914262
-61619.2197132502 4304.570073089326 0.0 1052.990409159888
0.0 0.0 1.5707963267948966 103.6687519182192
-62148.282861352905 3915.5635250404516 0.0 1141.8532079794518
0.0 0.0 1.5707963267948966 168.6711224854126
-60960.43979356485 7915.21179449219 0.0 977.3566464805828
0.0 0.0 1.5707963267948966 117.93927118161119
-62433.95523347082 4828.0810410077665 0.0 1159.4399273430993
0.0 0.0 1.5707963267948966 106.49499338623161
-62628.93043213597 4638.803959283535 0.0 993.3176337743921
0.0 0.0 1.5707963267948966 169.08192344214464
-61706.20362042378 8312.501670906386 0.0 917.1927894159115
0.0 0.0 1.5707963267948966 151.53564674609285
-62377.543952335895 6499.50383718401 0.0 1070.9183061252834
0.0 0.0 1.5707963267948966 100.12658029239154
-62218.30275684601 4042.979684092387 0.0 1036.8977597319138
0.0 0.0 1.5707963267948966 152.41427421856517
-60856.17544947355 6001.0173978331795 0.0 1152.6242646593635
0.0 0.0 1.5707963267948966 153.71126288830843
-62279.675369027784 7764.865395020081 0.0 864.7334863239515
0.0 0.0 1.5707963267948966 105.76123168414105
-61962.06429436498 4633.1313073752935 0.0 995.5637351336904
0.0 0.0 1.5707963267948966 109.29633182227698
-61080.38386243717 4289.84326351876 0.0 1038.7604952004533
0.0 0.0 1.5707963267948966 117.54096863717746
-62039.6583817029 4553.856604276756 0.0 1159.1263733862786
0.0 0.0 1.5707963267948966 111.7245422120916
-62533.88094344538 5459.1448184538085 0.0 943.472804073911
0.0 0.0 1.5707963267948966 129.59017119352677
-61489.40415501382 5430.051878502875 0.0 1017.0271769221767
0.0 0.0 1.5707963267948966 174.33115064643616
-61800.08499986792 8604.647092789444 0.0 880.6402752265913
0.0 0.0 1.5707963267948966 130.39891971559638
-60604.59726653441 5384.490923050807 0.0 1041.6092105775183
0.0 0.0 1.5707963267948966 111.94581898939781
-62366.06097017747 5353.396104398815 0.0 914.8694201738031
0.0 0.0 1.5707963267948966 135.6435867019803
-61815.38211745149 5502.222232498775 0.0 1181.7191110637677
0.0 0.0 1.5707963267948966 136.221129034679
-61494.68024651139 5481.039414238951 0.0 1196.6668110760452
0.0 0.0 1.5707963267948966 132.53048039916698
-61931.99496983901 5304.157434262975 0.0 1164.7884176395646
0.0 0.0 1.5707963267948966 131.31353173286237
-60905.0320611223 5306.08373114042 0.0 1066.569417205751
0.0 0.0 1.5707963267948966 131.8622574021808
-61054.12083703145 5655.476081546696 0.0 961.9925174433232
0.0 0.0 1.5707963267948966 101.61952671678193
-62003.315486691135 6325.1727077685 0.0 718.8679934599755
0.0 0.0 1.5707963267948966 109.65169711777614
-61991.40032900494 4426.862742399003 0.0 1020.2250289970696
0.0 0.0 1.5707963267948966 155.6024946881849
-61528.77147425166 6687.830594338165 0.0 1110.6821593900293
0.0 0.0 1.5707963267948966 111.82032167429044
-61730.75020807223 4276.835000714228 0.0 1183.7075193857993
0.0 0.0 1.5707963267948966 103.60126964220694
-62451.22446472055 3521.531684472892 0.0 1193.7149826250413
0.0 0.0 1.5707963267948966 118.33427692491853
-62825.750734383255 4881.83072087858 0.0 1145.385248040432
0.0 0.0 1.5707963267948966 140.77371201404665
-62078.729934356816 5735.669800688084 0.0 1181.3038289592753
0.0 0.0 1.5707963267948966 163.59058231274554
-62243.1532147254 7967.4163360600205 0.0 880.0245432732381
0.0 0.0 1.5707963267948966 132.97731329729237
-60506.15039046433 5593.613860709164 0.0 1037.6951379205884
0.0 0.0 1.5707963267948966 123.24108983079307
-61491.78813239822 4909.20959206765 0.0 1164.3555165385599
0.0 0.0 1.5707963267948966 121.93852647519057
-60995.637802542624 5691.433016615975 0.0 929.5831229024876
0.0 0.0 1.5707963267948966 138.11239301764581
-61783.8963311664 5401.091714939057 0.0 1199.544278031562
0.0 0.0 1.5707963267948966 103.08095604671551
-61123.263901868864 4740.949640285986 0.0 956.2387849658585
0.0 0.0 1.5707963267948966 131.34940682136897
-61804.127865367715 5637.830373365576 0.0 1069.9362993803363
0.0 0.0 1.5707963267948966 101.95707516325766
-60756.75551919883 6286.355389725261 0.0 854.7187803614794
0.0 0.0 1.5707963267948966 113.73613661891481
-62952.011757605935 4315.78020801888 0.0 1166.0881115361872
0.0 0.0 1.5707963267948966 117.14166910638883
-62219.81004862795 5291.665009632185 0.0 940.9243613696293
0.0 0.0 1.5707963267948966 125.20809819018709
-61479.622799097175 5424.144988123116 0.0 939.3439986511644
0.0 0.0 1.5707963267948966 102.96681807287248
-62956.51804307569 3809.1138622463814 0.0 1141.5970443986882
0.0 0.0 1.5707963267948966 118.47317183633156
-61651.19088520442 5017.440678145793 0.0 1046.2891395779186
0.0 0.0 1.5707963267948966 117.15401060982006
-61339.326817895926 5400.000787482367 0.0 934.4555490829376
0.0 0.0 1.5707963267948966 122.82189048455992
-61639.60550714156 4946.311194217674 0.0 1126.9697891639128
0.0 0.0 1.5707963267948966 100.51859517105609
-60709.224569104335 4415.986842601372 0.0 996.5483391906206
0.0 0.0 1.5707963267948966 132.42460297935884
-62769.65402811723 5804.832838026183 0.0 1043.087296543089
0.0 0.0 1.5707963267948966 101.70837940224176
-63006.690192562615 3771.8351116136223 0.0 1156.2014473297788
0.0 0.0 1.5707963267948966 135.30152270314363
-61747.45592035161 5712.73015327537 0.0 1090.0962311971862
0.0 0.0 1.5707963267948966 139.2698202273351
-61756.00607429859 6695.958050695421 0.0 901.2139972758991
0.0 0.0 1.5707963267948966 122.37427207024572
-60703.4666050864 4982.706895182649 0.0 1033.7702932907748
0.0 0.0 1.5707963267948966 144.02028450176095
-61037.67295823012 5752.000274070772 0.0 1146.0891296522495
0.0 0.0 1.5707963267948966 138.3079197719305
-60496.01391792572 5886.155058082752 0.0 1001.6374029343528
0.0 0.0 1.5707963267948966 176.66053761434839
-60966.056656612214 8711.508858982206 0.0 885.5640871206374
0.0 0.0 1.5707963267948966 119.93918132349796
-62440.5912689862 5219.745644946606 0.0 968.5271029812576
0.0 0.0 1.5707963267948966 134.0064043880405
-62175.03541211893 6074.113980498144 0.0 918.6842272698894
0.0 0.0 1.5707963267948966 101.41922263789873
-61967.83912607829 4064.285515912052 0.0 1060.2661204298895
0.0 0.0 1.5707963267948966 119.40530638880978
-62194.54101389963 4761.05177763766 0.0 1162.3779991342583
0.0 0.0 1.5707963267948966 108.93982352198138
-61249.842934815955 3823.775706599652 0.0 1194.6676476878974
0.0 0.0 1.5707963267948966 126.75556815381644
-62499.514843744495 5597.7009396036965 0.0 1003.2452727765985
0.0 0.0 1.5707963267948966 155.6986477418318
-61872.604966107065 7469.698682030738 0.0 931.8528106899256
0.0 0.0 1.5707963267948966 149.39310693059886
-60482.13035944038 6297.564306427225 0.0 1066.450707180856
0.0 0.0 1.5707963267948966 136.00172931204602
-61618.476943240596 5766.210804736471 0.0 1072.58033090179
0.0 0.0 1.5707963267948966 102.45067242420626
-61261.4126557822 4063.3528532307705 0.0 997.0495596227099
0.0 0.0 1.5707963267948966 157.12257136094462
-61522.606698331096 6499.590188798564 0.0 1135.7035890242921
0.0 0.0 1.5707963267948966 120.55711640882389
-60960.4603141338 5684.727315466737 0.0 918.8112945758264
0.0 0.0 1.5707963267948966 179.7037071182287
-62472.46119476203 8556.870920000656 0.0 1029.4605609943856
0.0 0.0 1.5707963267948966 116.75254992520814
-61986.24854730031 4650.585021227198 0.0 1089.47265502827
0.0 0.0 1.5707963267948966 151.32028957090805
-60510.67267647541 6502.733328878086 0.0 1057.2259406779483
0.0 0.0 1.5707963267948966 143.60661256246084
-61558.22703867921 6408.46583489438 0.0 1000.6308147043886
0.0 0.0 1.5707963267948966 103.51676702006772
-61277.95268945487 4609.891153990359 0.0 989.3984333254924
0.0 0.0 1.5707963267948966 135.86502705421321
-61922.93159355278 5977.631098023008 0.0 1012.546323558817
0.0 0.0 1.5707963267948966 117.4527516299172
-60828.27100626379 4283.826759908081 0.0 1170.9435845376722
0.0 0.0 1.5707963267948966 141.8193912452312
-60604.04039574395 5872.187022421264 0.0 1121.8838441583257
0.0 0.0 1.5707963267948966 135.1445754669132
-61244.56281384673 5229.712679067058 0.0 1111.8490941384898
0.0 0.0 1.5707963267948966 119.36863663421931
-61534.298940473265 5588.475369737351 0.0 923.687005234422
0.0 0.0 1.5707963267948966 112.21419350641068
-62354.99015325186 4903.306097644962 0.0 995.1930822440584
0.0 0.0 1.5707963267948966 110.66699367949805
-60633.86219587842 6889.606372490681 0.0 844.8820773990767
0.0 0.0 1.5707963267948966 111.80082855899815
-60985.59124157032 5022.229017350821 0.0 924.4940836443957
0.0 0.0 1.5707963267948966 108.2090518637372
-62731.6351441121 7133.546490289216 0.0 850.0492896687834
0.0 0.0 1.5707963267948966 100.78241849111774
-61977.63334024967 4122.57733390057 0.0 983.5747568862677
0.0 0.0 1.5707963267948966 125.6432442639487
-62128.616312831444 4741.779573754501 0.0 1180.1630606848962
0.0 0.0 1.5707963267948966 141.10037348364534
-62240.43846349347 6998.7196414011905 0.0 857.9038169898507
0.0 0.0 1.5707963267948966 123.41961661027358
-61701.1577590824 4899.7158459662105 0.0 1108.9561343311188
0.0 0.0 1.5707963267948966 176.6240514776651
-60767.40957744909 8342.559691669136 0.0 968.6623045616167
0.0 0.0 1.5707963267948966 177.1516457476923
-61278.06923635825 7235.520741282543 0.0 1171.9421434670421
0.0 0.0 1.5707963267948966 106.91642325205638
-61426.585603804124 4834.131493559801 0.0 980.9238875127064
0.0 0.0 1.5707963267948966 130.93351408286657
-62788.159717899645 5642.582761034456 0.0 982.8037028624929
0.0 0.0 1.5707963267948966 145.72319471744333
-60513.2201736437 5734.181958540618 0.0 1136.7483033991994
0.0 0.0 1.5707963267948966 153.43124989010488
-61291.7358103123 7383.616208788583 0.0 912.0907650290284
0.0 0.0 1.5707963267948966 113.59536531997546
-60852.47899836368 4513.6014569364625 0.0 1021.6494214421705
0.0 0.0 1.5707963267948966 101.03258525312792
-60885.089770928185 3698.222233413095 0.0 1173.8300782894892
0.0 0.0 1.5707963267948966 170.77781710417167
-61875.86851967528 8403.801137251892 0.0 904.9795417893638
0.0 0.0 1.5707963267948966 150.87044095085653
-60542.294014217885 5623.714380134014 0.0 1199.6923883379882
0.0 0.0 1.5707963267948966 146.40783943682464
-60738.7220846632 7153.823221576475 0.0 857.6204325078742
0.0 0.0 1.5707963267948966 128.66593335617534
-62032.05500873926 5287.9233696586925 0.0 1024.09575628247
0.0 0.0 1.5707963267948966 144.47957951222062
-61497.41078227628 5785.627904192704 0.0 1115.4413216715043
0.0 0.0 1.5707963267948966 145.1817041243428
-62044.082233178895 6285.043637311414 0.0 1077.6939287838063
0.0 0.0 1.5707963267948966 162.3468622599352
-62036.71649765696 6556.7152828472335 0.0 1173.451574879576
0.0 0.0 1.5707963267948966 124.73969976619135
-61421.568203386894 5947.708037424773 0.0 910.226988906515
0.0 0.0 1.5707963267948966 134.3056735426668
-62015.724236898815 5388.209599443461 0.0 1060.7271142491643
0.0 0.0 1.5707963267948966 105.03862335635596
-60811.21516850091 4924.901703119379 0.0 944.0112945379976
0.0 0.0 1.5707963267948966 104.53881709898872
-60791.683644265424 6795.213963818186 0.0 707.2183497473895
0.0 0.0 1.5707963267948966 118.09877749532149
-61378.15317354749 5012.884441554182 0.0 1039.0684418954336
0.0 0.0 1.5707963267948966 127.46583858601745
-60962.59968401073 5512.994667141337 0.0 940.6233327714606
0.0 0.0 1.5707963267948966 118.01743335481356
-60364.32019840603 7242.775140315109 0.0 746.8647544438622
0.0 0.0 1.5707963267948966 129.5737844384006
-60985.08745859871 5783.1253071432675 0.0 931.8199985493216
0.0 0.0 1.5707963267948966 172.81866231396975
-62659.540211358595 7515.520192945149 0.0 1150.3894883253324
0.0 0.0 1.5707963267948966 153.9671849605745
-61218.545921448545 7619.337313131187 0.0 855.4267418971612
0.0 0.0 1.5707963267948966 102.73346687754784
-61694.90745854492 4032.433893709759 0.0 981.8347400726249
0.0 0.0 1.5707963267948966 171.38737784585243
-60671.39911374361 7042.17720156879 0.0 1173.4448636973552
0.0 0.0 1.5707963267948966 117.15844606718444
-61963.862394881704 4860.281850137602 0.0 1098.290163373911
0.0 0.0 1.5707963267948966 172.9225083755946
-60760.18650698587 7591.473075197297 0.0 1082.6656190576844
0.0 0.0 1.5707963267948966 110.75568190099324
-62511.28119356773 4608.751180754314 0.0 1033.7355512313575
0.0 0.0 1.5707963267948966 114.58048026154744
-62576.50357850269 4260.047246125993 0.0 1163.811926840009
0.0 0.0 1.5707963267948966 113.51759591403989
-60950.1549872764 4508.330451543985 0.0 989.0427392229099
0.0 0.0 1.5707963267948966 100.93151568847018
-61878.19978804239 6235.426218673642 0.0 869.8548534230191
0.0 0.0 1.5707963267948966 114.26636789643477
-62313.89607057218 5120.984517150699 0.0 978.2564989276145
0.0 0.0 1.5707963267948966 111.07896192969925
-61325.284268404306 4236.975173529927 0.0 1053.549915220593
0.0 0.0 1.5707963267948966 138.53837765411993
-60589.63643862683 5586.606018237514 0.0 1066.472031566535
0.0 0.0 1.5707963267948966 144.98241729155552
-62379.464960487414 5935.130909372541 0.0 1113.639657852444
0.0 0.0 1.5707963267948966 165.44876120530122
-62642.49077322049 7714.056601984307 0.0 1015.098602522052
0.0 0.0 1.5707963267948966 132.5948002287973
-62672.870610248705 5283.134643049939 0.0 1161.162845347164
0.0 0.0 1.5707963267948966 175.30277731388338
-61550.575051577216 7497.0995830805905 0.0 1137.6803180586378
0.0 0.0 1.5707963267948966 127.43601682483698
-61804.773284620635 4966.72567083565 0.0 1170.7020987717021
0.0 0.0 1.5707963267948966 130.2430823993382
-62526.83072283255 5900.87065732088 0.0 972.4280065981508
0.0 0.0 1.5707963267948966 148.32106501051572
-61583.5767925483 6061.561673130078 0.0 1143.1500174183068
0.0 0.0 1.5707963267948966 118.80945154346864
-62732.53611491765 5773.782184056104 0.0 939.7223359919302
0.0 0.0 1.5707963267948966 167.29961191676608
-61009.03886555965 7855.077763700068 0.0 951.5037111228442
0.0 0.0 1.5707963267948966 100.98232152915524
-61308.13691590457 3642.9947288466833 0.0 1098.2640620275322
0.0 0.0 1.5707963267948966 171.9095478662054
-60649.95204868607 8380.045826301555 0.0 885.1105297721527
0.0 0.0 1.5707963267948966 131.69729716319503
-60617.627189436935 5272.963990744245 0.0 1119.8822609148826
0.0 0.0 1.5707963267948966 135.47723815392968
-60620.95838460932 5685.250455004586 0.0 1040.4575010342674
0.0 0.0 1.5707963267948966 113.97010875174462
-62720.419511145345 4229.991180335552 0.0 1146.6404643974283
0.0 0.0 1.5707963267948966 104.42048405403533
-62081.37245907796 6690.859248923067 0.0 849.0623328290754
0.0 0.0 1.5707963267948966 107.1649187668085
-60659.845458892516 7001.4820397965295 0.0 829.938874704435
0.0 0.0 1.5707963267948966 128.67042930696257
-62327.9083522508 5720.97093281137 0.0 992.5126526019874
0.0 0.0 1.5707963267948966 117.08841419061358
-61695.54450922812 4530.473481259178 0.0 1129.5461734940761
0.0 0.0 1.5707963267948966 108.2999944169712
-61311.08560574398 7125.40929655617 0.0 818.0453005797467
0.0 0.0 1.5707963267948966 121.9359416221017
-60974.5640882918 4511.5166857970635 0.0 1183.434124705003
0.0 0.0 1.5707963267948966 123.62673027822304
-61412.956311281676 5140.710085207723 0.0 966.4322330060677
0.0 0.0 1.5707963267948966 136.67525102188836
-62779.7054441869 5724.2552081607955 0.0 1085.954237317705
0.0 0.0 1.5707963267948966 106.08131241234113
-62222.50880408173 3851.8669543645005 0.0 1176.9164690456496
0.0 0.0 1.5707963267948966 125.41843966005113
-61171.54279238751 5298.279391837366 0.0 1029.6491130207833
0.0 0.0 1.5707963267948966 161.25615019318647
-61516.97247136009 7522.3473638854475 0.0 939.7907849666786
0.0 0.0 1.5707963267948966 102.88992295017778
-62929.54011925062 4177.991982340392 0.0 1144.266802898005
0.0 0.0 1.5707963267948966 101.4628811856577
-62319.06863579583 3975.2030626738174 0.0 1152.537518864779
0.0 0.0 1.5707963267948966 110.74967562115951
-62003.521258693254 3961.777494499169 0.0 1182.9949574052937
0.0 0.0 1.5707963267948966 101.91990695928304
-61910.72246400202 4070.9351174214858 0.0 1051.185539205587
0.0 0.0 1.5707963267948966 115.27482415113825
-62030.27547492649 5550.450723417565 0.0 918.6221773957034
0.0 0.0 1.5707963267948966 111.2841460260338
-61977.51555199864 4513.657178234008 0.0 1046.352694006258
0.0 0.0 1.5707963267948966 121.63766614840196
-61299.65027251886 5081.118437623457 0.0 990.209731423545
0.0 0.0 1.5707963267948966 122.88328474319708
-62270.36239840098 5621.370782447041 0.0 915.206162324037
0.0 0.0 1.5707963267948966 123.9466236782611
-62914.043096479974 5071.69534747578 0.0 1106.2734339757644
0.0 0.0 1.5707963267948966 174.07893327980716
-60978.24571590834 7898.731341796372 0.0 1048.5360893030677
0.0 0.0 1.5707963267948966 103.93029472009158
-60713.575673241474 6363.326792519764 0.0 721.4282119891886
0.0 0.0 1.5707963267948966 105.1882184881199
-62736.45394185577 4536.610060913318 0.0 966.3652712279697
0.0 0.0 1.5707963267948966 112.59957439553753
-61049.499546313054 4278.008077836432 0.0 1174.5216826952517
0.0 0.0 1.5707963267948966 102.23251181566482
-61063.20199754432 3539.203374133457 0.0 1187.056806420857
0.0 0.0 1.5707963267948966 240.36782996857278
-60854.35641688422 11127.005476484006 0.0 1139.2565413622194
0.0 0.0 1.5707963267948966 141.6010836044174
-62182.67864906721 6122.058130313065 0.0 1077.9787078246463
0.0 0.0 1.5707963267948966 103.94300373020445
-62364.0532384325 3940.59581597222 0.0 1117.3971955032523
0.0 0.0 1.5707963267948966 127.28805372399535
-62304.43589424175 6348.212392277795 0.0 893.6199665581312
0.0 0.0 1.5707963267948966 102.94259677387224
-60931.430811814826 3591.458241846785 0.0 1160.1283132736082
0.0 0.0 1.5707963267948966 127.1869254868829
-61524.07748957438 4685.831965761875 0.0 1188.0672602110262
0.0 0.0 1.5707963267948966 124.38592344024757
-60624.61515903022 7820.342840613504 0.0 772.4020711074753
0.0 0.0 1.5707963267948966 149.8694050599208
-62267.97903074294 6119.116909596566 0.0 1157.665425333497
0.0 0.0 1.5707963267948966 114.734929758313
-61611.920092519686 4557.972467580932 0.0 1069.677215566831
0.0 0.0 1.5707963267948966 112.73663261445908
-60622.76587846998 7283.96506308021 0.0 822.5951181966988
0.0 0.0 1.5707963267948966 100.91987862727507
-60687.8545525537 4526.431331949783 0.0 963.5658717724374
0.0 0.0 1.5707963267948966 178.37759020401953
-61080.3297174867 8513.289414964562 0.0 1019.25356758429
0.0 0.0 1.5707963267948966 149.37094350534343
-61632.16309256263 7434.984836027084 0.0 846.318052156958
0.0 0.0 1.5707963267948966 133.70909296030385
-62448.217047400685 5736.875552048688 0.0 1019.8942923695621
0.0 0.0 1.5707963267948966 114.40937081204913
-61134.82890826734 4201.37804262865 0.0 1143.3747806930219
0.0 0.0 1.5707963267948966 130.295500935497
-61905.70816864953 5672.12056221054 0.0 978.0539969121588
0.0 0.0 1.5707963267948966 121.5781314131476
-61439.14745868964 4514.6504393200385 0.0 1189.9273366803445
0.0 0.0 1.5707963267948966 100.90159550577457
-61488.163048548326 4655.65210167394 0.0 943.0852106613739
0.0 0.0 1.5707963267948966 110.34667365721185
-60954.02896476799 7226.958826998819 0.0 823.3321318927497
0.0 0.0 1.5707963267948966 116.39100792545062
-61669.83646533763 4670.690070930072 0.0 1108.367751102435
0.0 0.0 1.5707963267948966 102.20957327325986
-62257.478743402295 6875.970268812432 0.0 844.6709880522876
0.0 0.0 1.5707963267948966 111.29718302434803
-62345.223935709284 4734.156849970679 0.0 1023.9242873154168
0.0 0.0 1.5707963267948966 136.39192743104704
-60529.15317918187 6594.589106865442 0.0 879.8704725387547
0.0 0.0 1.5707963267948966 105.50992737034026
-60660.13460806853 4996.942696100327 0.0 954.3362732678531
0.0 0.0 1.5707963267948966 120.91651082851413
-61016.3423880987 5183.217071279401 0.0 934.0646399028166
0.0 0.0 1.5707963267948966 108.04332050062642
-61460.437196644176 4272.016515371106 0.0 1037.508730059596
0.0 0.0 1.5707963267948966 112.59079765335669
-61311.5879562328 4519.038286741331 0.0 1064.6429192820347
0.0 0.0 1.5707963267948966 133.6799287343046
-62695.739962303276 5350.067513230973 0.0 1128.0487421847945
0.0 0.0 1.5707963267948966 101.88784847670904
-61300.2439691716 4649.165599899414 0.0 964.9756567630496
0.0 0.0 1.5707963267948966 142.30433242956374
-62228.35847145126 5773.294113570835 0.0 1115.6865978879127
0.0 0.0 1.5707963267948966 126.22497237900295
-60683.1955003472 4903.7727734552645 0.0 1036.9927575417653
0.0 0.0 1.5707963267948966 111.12581999958
-62434.045570574526 4891.088725504937 0.0 980.0389294107125
0.0 0.0 1.5707963267948966 109.91006406544705
-61280.05623242197 5037.070434637072 0.0 940.6632134604731
0.0 0.0 1.5707963267948966 107.87552288028179
-61908.57877546963 4516.634130238091 0.0 1005.849498096218
0.0 0.0 1.5707963267948966 136.6062990512985
-62760.97985054108 5665.155773699399 0.0 1134.4079025349506
0.0 0.0 1.5707963267948966 210.35991017130252
-61157.473905790655 9289.46095767884 0.0 1162.3419440654056
0.0 0.0 1.5707963267948966 145.3141126211615
-62354.91719637294 7217.631670526146 0.0 889.5998838951602
0.0 0.0 1.5707963267948966 130.51721143800526
-61765.49129265445 6182.772084753329 0.0 891.6622505583867
0.0 0.0 1.5707963267948966 126.4293458793017
-61713.04374166778 4832.944390255748 0.0 1142.3079494463718
0.0 0.0 1.5707963267948966 123.16029427415185
-62442.75037330137 4556.493122195728 0.0 1164.0139418938072
0.0 0.0 1.5707963267948966 137.35615813396885
-60601.69076462601 5894.320440260669 0.0 995.4193061450615
0.0 0.0 1.5707963267948966 164.3684903694313
-62045.6347690748 7849.80406202367 0.0 938.531723985004
0.0 0.0 1.5707963267948966 149.72627485105
-61878.12453173308 6193.995296096449 0.0 1116.20956400072
0.0 0.0 1.5707963267948966 107.71604483902254
-62647.31312352727 4010.8634444261515 0.0 1179.2158253157183
0.0 0.0 1.5707963267948966 167.22822507108447
-61357.44691500764 8026.580056931734 0.0 886.8504455883005
0.0 0.0 1.5707963267948966 131.22958045683393
-60799.34916584307 5375.467078205865 0.0 1056.7943796033571
0.0 0.0 1.5707963267948966 157.99351912619548
-60940.05731129703 6261.530432450562 0.0 1196.2231889392567
0.0 0.0 1.5707963267948966 105.79308753002047
-61408.141834697635 4376.371998052878 0.0 1048.2153157974117
0.0 0.0 1.5707963267948966 143.1595182781141
-61772.08737807426 5849.057204582285 0.0 1087.3179789214303
0.0 0.0 1.5707963267948966 142.83245832014535
-62106.18259170818 5768.702458706587 0.0 1096.0502178666982
0.0 0.0 1.5707963267948966 134.1191791662523
-61321.407542902336 5931.796029114815 0.0 940.5616273657666
0.0 0.0 1.5707963267948966 104.97763501101412
-62128.0462580783 4348.819659608047 0.0 1029.2954979165802
0.0 0.0 1.5707963267948966 119.9061452997182
-60977.6929186066 4806.571363810772 0.0 989.620626498248
0.0 0.0 1.5707963267948966 111.47749462118244
-60802.83388511414 3952.9088110288894 0.0 1116.6965168992947
0.0 0.0 1.5707963267948966 106.40527768376161
-62371.87472718712 4209.787225010534 0.0 1178.3689499408388
0.0 0.0 1.5707963267948966 140.9465041059358
-60559.209001385774 6523.33144904431 0.0 887.6709606947857
0.0 0.0 1.5707963267948966 105.62734828770179
-62106.055558377855 5231.862066514298 0.0 920.8643635237447
0.0 0.0 1.5707963267948966 115.6384156900783
-61252.24912707678 4833.689576179134 0.0 975.7546552063587
0.0 0.0 1.5707963267948966 142.38707534847347
-60670.49307545484 5706.242255867425 0.0 1180.1425863553534
0.0 0.0 1.5707963267948966 166.76534285673708
-61692.301909786795 8152.1315217879865 0.0 898.6759666517097
0.0 0.0 1.5707963267948966 153.63554075067572
-61963.55454524564 6955.608229076233 0.0 1014.0651791826613
0.0 0.0 1.5707963267948966 155.28300779206376
-62672.7245656343 7013.065944306605 0.0 1049.7975752292289
0.0 0.0 1.5707963267948966 111.86580205430562
-62282.78599752837 4301.247769982067 0.0 1095.84448546589
0.0 0.0 1.5707963267948966 138.4587935161196
-61307.60975274389 5659.144144869891 0.0 1046.2069222856512
0.0 0.0 1.5707963267948966 102.62296372549271
-62716.39546001519 4810.38924147231 0.0 994.1641411276054
0.0 0.0 1.5707963267948966 131.81969155371422
-61761.41339322342 5414.389831900461 0.0 1050.9228967910822
0.0 0.0 1.5707963267948966 104.04388912961565
-61450.19867082352 4113.800865501591 0.0 1040.9307555009082
0.0 0.0 1.5707963267948966 105.6233036355383
-60961.39768510462 3580.8667194234117 0.0 1155.6326857640083
0.0 0.0 1.5707963267948966 103.40932366978517
-61133.05137068488 5143.736472786451 0.0 910.0282531480823
0.0 0.0 1.5707963267948966 143.14590618518244
-60650.64345106021 5731.369454474459 0.0 1073.7508404774906
0.0 0.0 1.5707963267948966 113.03155993543687
-62075.29167985952 5177.911057596562 0.0 940.1143496688602
0.0 0.0 1.5707963267948966 142.04393455606962
-60576.11705309502 5347.725225589799 0.0 1162.1656678898034
0.0 0.0 1.5707963267948966 129.33635166413984
-61378.51607368442 5169.4598833389555 0.0 1060.7807237277873
0.0 0.0 1.5707963267948966 143.1978802708078
-62687.5532322669 6833.763768633135 0.0 895.0734339077343
0.0 0.0 1.5707963267948966 118.74311274975706
-62836.01929377231 5344.415446193315 0.0 1017.2167768322712
0.0 0.0 1.5707963267948966 106.6806066368502
-62856.24494856352 4573.9534384813205 0.0 1014.6135709026552
0.0 0.0 1.5707963267948966 106.5288615240889
-62317.32558368223 4056.126215276567 0.0 1130.2127734018857
0.0 0.0 1.5707963267948966 116.40159499974712
-61036.81053492147 5305.5111200860565 0.0 941.5965117910927
0.0 0.0 1.5707963267948966 147.12025908154635
-62095.867987968115 6069.5951833308945 0.0 1095.7188761574357
0.0 0.0 1.5707963267948966 110.29555523844083
-60598.438716541714 4521.271700174665 0.0 1001.3948467306511
0.0 0.0 1.5707963267948966 143.06351061021732
-62002.624795231546 6964.270842519321 0.0 869.8904980806677
0.0 0.0 1.5707963267948966 107.81639358980593
-62045.54757142609 3736.3244723309094 0.0 1172.677370635613
0.0 0.0 1.5707963267948966 166.55445269323346
-62366.501127397234 8210.15053837658 0.0 934.7151872569324
0.0 0.0 1.5707963267948966 132.9445415042692
-60640.76180772091 5033.801124423968 0.0 1136.4935246022126
0.0 0.0 1.5707963267948966 139.8827131208131
-61231.60709316043 5341.783283988506 0.0 1179.2880555203021
0.0 0.0 1.5707963267948966 127.40963723543415
-61056.45998648211 4881.733629436674 0.0 1184.9433909441336
0.0 0.0 1.5707963267948966 142.95387379740944
-61229.29445372257 5567.228073134966 0.0 1182.9147278439923
0.0 0.0 1.5707963267948966 169.14691054614465
-61026.484789425784 7955.799510565141 0.0 962.3733998371614
0.0 0.0 1.5707963267948966 141.61444529107646
-60870.78949614712 6361.62485705354 0.0 950.4331678956826
0.0 0.0 1.5707963267948966 138.98320558775637
-62470.27985413908 5792.919715622534 0.0 1098.922941951092
0.0 0.0 1.5707963267948966 106.92704466316847
-62428.88954407848 4438.607541413576 0.0 1072.3266814989022
0.0 0.0 1.5707963267948966 101.14653865249463
-60730.28573066167 3799.6567818419226 0.0 1147.0073438528666
0.0 0.0 1.5707963267948966 135.60741929401377
-61422.68250203714 5928.929878266708 0.0 1038.2378821003479
0.0 0.0 1.5707963267948966 152.16462542341029
-61264.94120648679 6049.974404448331 0.0 1172.0027534618187
0.0 0.0 1.5707963267948966 154.3474265228361
-62539.00917984111 7786.500291866248 0.0 871.1472295416902
0.0 0.0 1.5707963267948966 107.76108804293465
-61421.86593883561 4725.333151574854 0.0 942.592407176965
0.0 0.0 1.5707963267948966 116.6559571050211
-61439.155520484324 4470.180203726347 0.0 1119.502405390609
0.0 0.0 1.5707963267948966 133.79854696282322
-60654.8695652275 5329.580396362755 0.0 1084.9186083236978
0.0 0.0 1.5707963267948966 122.59010695597019
-60964.44546925258 5385.148003823462 0.0 981.5943033657956
0.0 0.0 1.5707963267948966 154.35210076247327
-62017.582427121386 6294.6881024460345 0.0 1166.7271894661292
0.0 0.0 1.5707963267948966 105.33436547834141
-61448.769249777375 4325.874386453867 0.0 999.2071566203961
0.0 0.0 1.5707963267948966 133.0583932891701
-60679.24744365327 5698.269638636681 0.0 1008.4816673511741
0.0 0.0 1.5707963267948966 108.30815937810384
-62243.09750546427 4261.761617109177 0.0 1103.8856589464347
0.0 0.0 1.5707963267948966 113.4158720465683
-62038.380118153604 4385.450627337963 0.0 1147.0789305234402
0.0 0.0 1.5707963267948966 134.41431455768932
-61186.57381962478 6058.657280922358 0.0 931.507668502361
0.0 0.0 1.5707963267948966 151.73441421134766
-61210.33664403739 6039.305582847201 0.0 1198.6887029291047
0.0 0.0 1.5707963267948966 114.5732271522243
-61327.7852104386 4597.473398672374 0.0 1122.247693133919
0.0 0.0 1.5707963267948966 118.6066003898931
-60802.61401181301 7398.153161584723 0.0 779.439098560202
0.0 0.0 1.5707963267948966 121.51660879699413
-62547.39596458596 4900.116349478968 0.0 1096.508991065582
0.0 0.0 1.5707963267948966 101.32774014260326
-62909.3382064791 4587.892013652248 0.0 943.610884622069
0.0 0.0 1.5707963267948966 107.79277240735433
-61875.20018215374 4218.603055765241 0.0 1163.2610833263216
0.0 0.0 1.5707963267948966 107.96076480287856
-60937.98210963499 4932.685033498907 0.0 952.506147483179
0.0 0.0 1.5707963267948966 120.34817054929408
-60567.91680872822 4865.040995489562 0.0 996.320226185709
0.0 0.0 1.5707963267948966 157.55448773438815
-62496.11077928783 6488.669542940227 0.0 1182.3685125113136
0.0 0.0 1.5707963267948966 114.49104963091729
-62957.659189207014 4975.043834028792 0.0 972.0195041057167
0.0 0.0 1.5707963267948966 144.86825610456708
-60540.28824380961 6646.438162849066 0.0 907.3735651680638
0.0 0.0 1.5707963267948966 138.16999701144653
-60792.23825956018 6685.578752873433 0.0 875.8437306390871
0.0 0.0 1.5707963267948966 135.91712720777207
-61510.36824793465 6223.971246595464 0.0 917.8095372389613
0.0 0.0 1.5707963267948966 142.99826078223623
-60609.192146551104 6015.548438202141 0.0 1057.6958179461762
0.0 0.0 1.5707963267948966 141.70321006570862
-60663.13189949963 6061.056474710968 0.0 1073.3981704599194
0.0 0.0 1.5707963267948966 109.30747948345196
-60671.34744235204 4082.0309930539897 0.0 1161.3350986220657
0.0 0.0 1.5707963267948966 106.40529965817468
-61237.40903851791 4608.892415548441 0.0 944.4607008666359
0.0 0.0 1.5707963267948966 102.79034106490093
-61506.514444561195 4830.691757062338 0.0 939.1098198738795
0.0 0.0 1.5707963267948966 183.63823540689145
-62330.550877588365 9404.849674545589 0.0 872.9143412490886
0.0 0.0 1.5707963267948966 123.74540894045174
-61813.22370447784 5588.749200873406 0.0 924.9883273145123
0.0 0.0 1.5707963267948966 122.1512870657975
-61766.55362977658 5110.265502523144 0.0 1069.3916412043588
0.0 0.0 1.5707963267948966 122.16405077530307
-61281.47378492391 4772.442196169615 0.0 1114.8423848557907
0.0 0.0 1.5707963267948966 152.96172506966587
-61800.80946292186 7280.734883834528 0.0 908.911770378398
0.0 0.0 1.5707963267948966 167.8405340519224
-61028.40917642322 8068.900712385408 0.0 894.9223608403897
0.0 0.0 1.5707963267948966 153.23150698875045
-60831.44397449214 6913.814395032583 0.0 977.2696612801242
0.0 0.0 1.5707963267948966 100.42367249736898
-61519.995991570686 6560.203766339084 0.0 699.371070822764
0.0 0.0 1.5707963267948966 124.6793714669077
-62203.845118919846 5241.7139340362355 0.0 1047.5447899382407
0.0 0.0 1.5707963267948966 125.47217844884898
-61144.886431527615 5240.578880695019 0.0 1034.0116270387477
0.0 0.0 1.5707963267948966 156.7585621491393
-60499.22973751887 7259.492821850364 0.0 891.5401577799153
0.0 0.0 1.5707963267948966 144.00707770782188
-60787.1947006745 7007.151713636934 0.0 852.1698648509304
0.0 0.0 1.5707963267948966 128.26953347902045
-61186.057131744186 5272.626296556242 0.0 998.4161967906545
0.0 0.0 1.5707963267948966 156.08835597039936
-61281.550372868 7540.774652184935 0.0 875.6531698156562
0.0 0.0 1.5707963267948966 110.10882750072062
-62006.369502955575 4435.690220788406 0.0 1032.8043762251675
0.0 0.0 1.5707963267948966 103.7069482528869
-61087.968696467884 4456.092763964312 0.0 962.5942819306022
0.0 0.0 1.5707963267948966 119.4943310627943
-61083.14705727783 4466.4780357468235 0.0 1158.754009126295
0.0 0.0 1.5707963267948966 108.66003054056789
-61985.88055023304 3983.09318835458 0.0 1194.4749805863987
0.0 0.0 1.5707963267948966 104.13901635579211
-62482.68441536409 4040.8695900415164 0.0 1035.2719152290986
0.0 0.0 1.5707963267948966 140.9256731748052
-61528.35843581715 6180.147620470333 0.0 996.5791228511127
0.0 0.0 1.5707963267948966 122.92347007031746
-62783.6650841851 5084.672305648072 0.0 1097.0795690718214
0.0 0.0 1.5707963267948966 102.44913907114875
-60517.654172198745 6229.070659815436 0.0 704.1684066070897
0.0 0.0 1.5707963267948966 109.65020713110465
-62962.23276580622 4538.51224733955 0.0 1011.2640387637211
0.0 0.0 1.5707963267948966 100.02053950168649
-62736.61440110869 6220.68560315463 0.0 729.0697608350947
0.0 0.0 1.5707963267948966 123.41132279022516
-62645.54284403163 5645.973493283066 0.0 934.5374486393976
0.0 0.0 1.5707963267948966 137.52533489480146
-62286.04345588055 5526.047233513057 0.0 1097.7418751931907
0.0 0.0 1.5707963267948966 108.51854574094844
-62422.3180094677 4386.649759217543 0.0 1095.5319164168188
0.0 0.0 1.5707963267948966 133.40276513401687
-62255.84524237353 5193.595637999826 0.0 1193.3842054260547
0.0 0.0 1.5707963267948966 160.0020362344863
-62062.27114656828 7206.454289440258 0.0 1037.3406403733934
0.0 0.0 1.5707963267948966 112.91313924822829
-62792.87310795556 5021.387442219433 0.0 1010.21159049381
0.0 0.0 1.5707963267948966 110.9090126239741
-61652.5019167439 4764.214472445875 0.0 940.1999520742679
0.0 0.0 1.5707963267948966 130.62667440589257
-61740.73738977866 5976.924304658697 0.0 910.4972949935745
0.0 0.0 1.5707963267948966 105.58644525607643
-60846.85363328533 3925.3497005569297 0.0 1173.3926455307783
0.0 0.0 1.5707963267948966 127.87270915769795
-61187.516238538046 5394.461522615261 0.0 955.8893397424016
0.0 0.0 1.5707963267948966 125.52012921583426
-60856.28169852381 5344.454637641526 0.0 969.2263676130468
0.0 0.0 1.5707963267948966 120.58654386124554
-61696.42511278339 5807.1874227630005 0.0 910.3568385885859
0.0 0.0 1.5707963267948966 125.77336838867619
-61176.3568111236 4898.797977107194 0.0 1177.343077290944
0.0 0.0 1.5707963267948966 142.77928685808416
-62396.21180249009 5977.978654312534 0.0 1070.973477097429
0.0 0.0 1.5707963267948966 137.2729179027186
-61377.93377776434 5442.158884770864 0.0 1192.5967266748858
0.0 0.0 1.5707963267948966 109.91132397382725
-61227.35338723636 5013.2773411929775 0.0 965.2732118985682
0.0 0.0 1.5707963267948966 169.3614487939334
-60568.829549906084 6911.959575865261 0.0 1150.4277717544564
0.0 0.0 1.5707963267948966 137.25942377222898
-60605.59646548996 5304.660681263689 0.0 1161.5263798505796
0.0 0.0 1.5707963267948966 156.21855701883237
-60789.14424125753 7304.088473461962 0.0 908.1761291405392
0.0 0.0 1.5707963267948966 131.82573163272738
-62846.65436301166 5342.260307140165 0.0 1192.5935864570774
0.0 0.0 1.5707963267948966 172.84420509801376
-62048.762374257276 8473.43975157199 0.0 888.7579915929102
0.0 0.0 1.5707963267948966 157.34479924006388
-62240.69553794106 6746.53940543742 0.0 1123.4144725306198
0.0 0.0 1.5707963267948966 126.67811367617801
-61875.09284687182 5289.278537296447 0.0 1102.6843072556862
0.0 0.0 1.5707963267948966 157.11686640584557
-60870.35246178234 6432.982305278933 0.0 1138.0745158076306
0.0 0.0 1.5707963267948966 147.66961360496413
-60930.347809907726 5436.291334362865 0.0 1192.2101477729718
0.0 0.0 1.5707963267948966 141.94259118564383
-61518.0601104979 5877.331212837567 0.0 1078.9971464119446
0.0 0.0 1.5707963267948966 170.1774635850166
-61876.153274026175 8419.005474190322 0.0 891.2017339231126
0.0 0.0 1.5707963267948966 165.84499618949576
-61323.88437947482 7361.096689385349 0.0 1048.784039624613
0.0 0.0 1.5707963267948966 144.53449496581428
-61583.229452446925 6223.897230312543 0.0 1064.6476811133714
0.0 0.0 1.5707963267948966 123.6932739628153
-62051.57965194178 7446.801931683653 0.0 817.3905407848764
0.0 0.0 1.5707963267948966 129.51978011104222
-61177.33740897216 6155.234195726361 0.0 886.9731199950575
0.0 0.0 1.5707963267948966 108.87128986928208
-62731.59539888107 5439.448209729315 0.0 934.6132507660625
0.0 0.0 1.5707963267948966 130.3052328474042
-62539.95711200965 5503.836594718921 0.0 1108.2448158398604
0.0 0.0 1.5707963267948966 133.19712845860437
-61482.93279393738 5686.698445288361 0.0 1026.6183293221177
0.0 0.0 1.5707963267948966 182.62685696223298
-61393.55266524062 9177.695169771727 0.0 881.258326257791
0.0 0.0 1.5707963267948966 105.43094339805327
-62758.22684278425 6620.106813738712 0.0 862.594439875458
0.0 0.0 1.5707963267948966 139.4682432443143
-61468.89405033313 5727.8029329185365 0.0 1114.8800578421333
0.0 0.0 1.5707963267948966 166.0398537359129
-61215.079064422134 8053.9070823633565 0.0 885.4604701667431
0.0 0.0 1.5707963267948966 105.31278273683532
-62163.656367496755 5040.263068535385 0.0 974.8217446525001
0.0 0.0 1.5707963267948966 171.84701769557046
-62294.97540600484 8707.177677873588 0.0 886.4975672030275
0.0 0.0 1.5707963267948966 160.09029632401317
-62434.1920652437 8033.556327712107 0.0 880.6780060718365
0.0 0.0 1.5707963267948966 143.87373761118508
-62085.35660773878 6386.97907109264 0.0 1017.7703576640426
0.0 0.0 1.5707963267948966 175.72521602737254
-61850.16274003922 7659.49791606283 0.0 1127.4011568840565
0.0 0.0 1.5707963267948966 114.9320618187733
-62363.784479846865 4846.552786023953 0.0 993.9361650044992
0.0 0.0 1.5707963267948966 142.4124595157956
-61175.994276386526 6216.7607389299865 0.0 985.5197826829888
0.0 0.0 1.5707963267948966 141.13794731197572
-61274.707404270455 6132.922021978035 0.0 1035.889653992906
0.0 0.0 1.5707963267948966 169.74457498555563
-60737.13397089521 7006.00924198457 0.0 1171.0283941566402
0.0 0.0 1.5707963267948966 120.79498393959688
-61700.75075740581 5713.3860770292 0.0 915.2511662413533
0.0 0.0 1.5707963267948966 115.96623491647361
-61510.17904132392 5543.375060924014 0.0 920.4185043293139
0.0 0.0 1.5707963267948966 147.61625956900502
-60439.72191732676 7291.431166632017 0.0 842.1434633470296
0.0 0.0 1.5707963267948966 121.8164891897374
-61387.53887571255 5283.622332520826 0.0 993.7082077879159
0.0 0.0 1.5707963267948966 143.44453910643668
-61499.710590556795 6903.96224976329 0.0 868.6661459877316
0.0 0.0 1.5707963267948966 146.6636673616134
-61001.790447227046 6429.843384866992 0.0 1020.2571513943296
0.0 0.0 1.5707963267948966 105.49743937104054
-60370.93369712528 6867.367258931089 0.0 837.4403354128951
0.0 0.0 1.5707963267948966 155.87841687734416
-62626.07393769258 6228.436424043604 0.0 1182.3117019238482
0.0 0.0 1.5707963267948966 140.56764288734237
-62728.74804689437 5765.197029284011 0.0 1118.9692667622012
0.0 0.0 1.5707963267948966 133.03794527373853
-62351.385925847564 6121.988464423457 0.0 929.7592488917487
0.0 0.0 1.5707963267948966 142.24433332222964
-60940.980950660065 6415.0695054151465 0.0 957.7009612003079
0.0 0.0 1.5707963267948966 172.86295681722132
-62178.963732241595 8692.674711632806 0.0 898.5505066988682
0.0 0.0 1.5707963267948966 136.16042674120462
-60815.8758113478 5600.317783581134 0.0 1043.4490752860293
0.0 0.0 1.5707963267948966 100.40186505022866
-60979.32236015402 3683.9480163390404 0.0 1157.2300447838568
0.0 0.0 1.5707963267948966 108.88123380103293
-61726.43535474989 4054.9975762538047 0.0 1160.3872323581295
0.0 0.0 1.5707963267948966 100.04978924671299
-62945.004725868086 3600.3732383642787 0.0 1135.5099542554938
0.0 0.0 1.5707963267948966 154.4272228382177
-62736.31250780959 6853.6799954575445 0.0 1073.746946512055
0.0 0.0 1.5707963267948966 178.1002064962919
-60678.825884128855 8589.530839794465 0.0 881.6664842920359
0.0 0.0 1.5707963267948966 140.43838673436574
-62212.96912228903 6083.336408189212 0.0 1069.344756281646
0.0 0.0 1.5707963267948966 151.6310222031592
-62308.19337677222 7313.612802265309 0.0 894.9779468450203
0.0 0.0 1.5707963267948966 131.56339800971315
-60788.09752884249 5735.901631167222 0.0 967.6620854184504
0.0 0.0 1.5707963267948966 100.88938551484055
-60840.67898615591 4014.435275811903 0.0 1058.6012522590775
0.0 0.0 1.5707963267948966 105.94226773001428
-62785.79492434031 5286.751535128755 0.0 932.8880262270193
0.0 0.0 1.5707963267948966 140.82916065110055
-61056.27793419516 6262.0840052630565 0.0 942.1637911404162
0.0 0.0 1.5707963267948966 125.52802458760087
-62427.755125385855 5814.497427926308 0.0 937.979404161728
0.0 0.0 1.5707963267948966 134.65392873012254
-61695.92625566356 6668.621939613741 0.0 891.8105086635342
0.0 0.0 1.5707963267948966 170.13489043856663
-60783.415520495335 7532.075606902264 0.0 1053.6174319592953
0.0 0.0 1.5707963267948966 116.67244486470852
-62623.524657766095 5125.3951624835745 0.0 976.6163138236932
0.0 0.0 1.5707963267948966 125.4254045597187
-61038.33833512184 5005.624699072454 0.0 1136.0877436825235
0.0 0.0 1.5707963267948966 113.23463964113344
-61481.361788180235 4490.1169084823605 0.0 1011.9289433938095
0.0 0.0 1.5707963267948966 111.70263800916896
-60781.60008457336 4395.686613557136 0.0 1087.7171715043598
0.0 0.0 1.5707963267948966 107.9155811317819
-62937.06005685853 4532.109093124846 0.0 1073.4127944235559
0.0 0.0 1.5707963267948966 123.97385156399116
-62952.75208010219 4529.625929759099 0.0 1195.4421998474459
0.0 0.0 1.5707963267948966 124.1633115332478
-61481.75478466059 5260.10092990155 0.0 1073.5585193174684
0.0 0.0 1.5707963267948966 105.45203571657565
-62211.29784549982 4205.823444228942 0.0 1129.433446717106
0.0 0.0 1.5707963267948966 102.88067551870687
-61229.10497718893 6472.65037853917 0.0 851.8411663411017
0.0 0.0 1.5707963267948966 117.67487338085107
-61342.06223233045 4345.465236815485 0.0 1189.765099553262
0.0 0.0 1.5707963267948966 169.56475491418195
-62287.71913737289 7173.523144469692 0.0 1164.5463095862347
0.0 0.0 1.5707963267948966 132.34138970739988
-60699.75091087008 5494.764519128917 0.0 1071.4251711119314
0.0 0.0 1.5707963267948966 147.56062291655957
-60512.39659136073 7035.087681821215 0.0 864.7989873502997
0.0 0.0 1.5707963267948966 110.38240595814565
-61300.17806347307 4238.124734038038 0.0 1197.148065646191
0.0 0.0 1.5707963267948966 102.41000575169684
-62826.8068732802 4612.628526184947 0.0 964.3550895156303
0.0 0.0 1.5707963267948966 126.38576235595703
-61976.97378576747 5188.958734886071 0.0 1062.4641944748305
0.0 0.0 1.5707963267948966 130.079097411121
-61516.662937048204 5254.5973526898415 0.0 1110.5700171838432
0.0 0.0 1.5707963267948966 155.63388481489295
-61189.362614960686 6885.518548284263 0.0 1019.6298244469845
0.0 0.0 1.5707963267948966 137.23597519452417
-62162.44040653416 8843.620201444824 0.0 747.740778169431
0.0 0.0 1.5707963267948966 140.47273053441162
-60935.10956685352 6157.447563573528 0.0 990.6672140339568
0.0 0.0 1.5707963267948966 114.15585285159356
-60868.16646846507 5240.655462988661 0.0 909.5675336427779
0.0 0.0 1.5707963267948966 100.05873736544945
-61406.45819705574 3747.921104383379 0.0 1177.021532055685
0.0 0.0 1.5707963267948966 103.61463336185321
-61009.177577700764 4101.076507246366 0.0 1019.5801308175512
0.0 0.0 1.5707963267948966 118.77324664646997
-62824.12298897976 4664.81005029588 0.0 1174.4723003934128
0.0 0.0 1.5707963267948966 105.38222548916814
-61313.88423889461 4250.057715199183 0.0 1067.7079585570832
0.0 0.0 1.5707963267948966 104.69350870247854
-62920.484300141805 4382.381267825139 0.0 1016.177217279212
0.0 0.0 1.5707963267948966 172.2490023981881
-60456.56250700504 6877.828994539229 0.0 1192.632946237782
0.0 0.0 1.5707963267948966 113.9835423574532
-62897.204131419436 4824.071366339345 0.0 1063.7429094041433
0.0 0.0 1.5707963267948966 159.2155251588871
-61590.85905302786 6531.989226303437 0.0 1168.8314981348508
0.0 0.0 1.5707963267948966 127.20411060271326
-62446.557689748945 5156.027247794939 0.0 1059.4419340919574
0.0 0.0 1.5707963267948966 106.44450093418173
-61414.28951472238 4127.644466888207 0.0 1105.8754571573436
0.0 0.0 1.5707963267948966 120.57342076956289
-61504.22633563829 5158.73116919381 0.0 980.8171504261595
0.0 0.0 1.5707963267948966 152.52701485064225
-62493.30958548811 6381.0963029321865 0.0 1119.2980834933328
0.0 0.0 1.5707963267948966 133.5214125056176
-61581.39090554033 5645.0872876628855 0.0 1013.1969786797447
0.0 0.0 1.5707963267948966 102.35278169009558
-62565.98662104415 6830.274966126554 0.0 837.4220614078805
0.0 0.0 1.5707963267948966 104.46849463147277
-61082.84110319352 3717.0223565041256 0.0 1198.2151432441701
0.0 0.0 1.5707963267948966 143.08897189156764
-60873.16973276292 6284.448242843241 0.0 990.7777955240441
0.0 0.0 1.5707963267948966 163.10997998490197
-61257.01651372151 6892.3551054886275 0.0 1127.1865426751435
0.0 0.0 1.5707963267948966 131.4719635962116
-62480.14370068861 5338.539340388186 0.0 1145.5191201354019
0.0 0.0 1.5707963267948966 118.9490338647022
-62684.72787879676 5077.1320044142885 0.0 1069.8413052267385
0.0 0.0 1.5707963267948966 119.32728781370984
-61754.68878852636 4670.917593723713 0.0 1125.206735346892
0.0 0.0 1.5707963267948966 149.0708281196744
-60972.853650184166 7057.964131336177 0.0 859.5140393289995
0.0 0.0 1.5707963267948966 113.62978563571063
-62757.577892896574 4259.23718827859 0.0 1149.3846529613022
0.0 0.0 1.5707963267948966 113.87991913107956
-61928.19088166722 4238.531932392576 0.0 1160.5804362174863
0.0 0.0 1.5707963267948966 115.8088722478521
-62199.791746042254 4364.1247395109 0.0 1159.3286351025472
0.0 0.0 1.5707963267948966 109.20374499191743
-61751.36129271287 4378.830540975281 0.0 1079.800589956962
0.0 0.0 1.5707963267948966 149.3141363752694
-61936.041304760576 7468.37436611482 0.0 859.8096757621731
0.0 0.0 1.5707963267948966 174.3230294263775
-60475.694061340284 8385.481694802449 0.0 868.213380984364
0.0 0.0 1.5707963267948966 129.90967993686107
-62141.19989346715 5651.0590048808135 0.0 1070.8390741593641
0.0 0.0 1.5707963267948966 110.42708006673637
-62579.89200023821 4360.269095025133 0.0 1058.4668000548552
0.0 0.0 1.5707963267948966 109.24188445546969
-60580.351406920985 4962.658654054226 0.0 932.6652402030957
0.0 0.0 1.5707963267948966 119.73861496215818
-62671.37428382934 4764.462030720359 0.0 1133.9785074401561
0.0 0.0 1.5707963267948966 128.4942457655469
-60616.40124406227 4959.093065357181 0.0 1065.9597676030119
0.0 0.0 1.5707963267948966 119.83146623497063
-62793.59850455969 5459.881770105791 0.0 989.5750930757567
0.0 0.0 1.5707963267948966 103.75428261725882
-62607.9282431695 4755.984000253528 0.0 1004.865305079078
0.0 0.0 1.5707963267948966 119.12374477027629
-61332.87209584942 4780.321169398525 0.0 988.5225389311294
0.0 0.0 1.5707963267948966 102.03219269090215
-61588.21649617734 6194.0265562588975 0.0 748.3483841669283
0.0 0.0 1.5707963267948966 114.23801758300064
-62321.28030839989 4768.780191112013 0.0 1014.726714566148
0.0 0.0 1.5707963267948966 112.3170898581415
-61952.264284233126 5182.683545148978 0.0 971.0207193413153
0.0 0.0 1.5707963267948966 125.63172350166471
-62164.896127466185 5001.787875077486 0.0 1176.7518776280099
0.0 0.0 1.5707963267948966 107.26297219655036
-61955.08250219199 4312.406372925698 0.0 1098.9248547996065
0.0 0.0 1.5707963267948966 121.18323216172129
-61550.01830579413 4515.0751530007465 0.0 1130.0108011464113
0.0 0.0 1.5707963267948966 138.85215461060744
-61326.447302713896 6140.917402597651 0.0 925.4346402636186
0.0 0.0 1.5707963267948966 106.43868141548361
-60888.41152699213 3623.0334910649813 0.0 1194.0029661707267
0.0 0.0 1.5707963267948966 123.23611966941436
-62240.099658774045 5359.28153696364 0.0 991.5560110656801
0.0 0.0 1.5707963267948966 111.00383976230634
-62404.799696326336 4403.955315486072 0.0 1123.6737993610138
0.0 0.0 1.5707963267948966 122.17656050573584
-62382.938375664366 4599.09930984821 0.0 1187.366781827822
0.0 0.0 1.5707963267948966 154.62568666588197
-61508.21650292676 6247.887115279011 0.0 1140.1169419104097
0.0 0.0 1.5707963267948966 101.00938825516539
-60938.18524990659 3680.204444091294 0.0 1066.6022007658216
0.0 0.0 1.5707963267948966 101.14694660190243
-61303.74592103455 4226.9647999092085 0.0 973.7510253102396
0.0 0.0 1.5707963267948966 140.09255117309112
-62701.142797681765 5902.359202128362 0.0 1090.2447711044854
0.0 0.0 1.5707963267948966 125.92126220548927
-62005.074965141066 4714.404219236166 0.0 1188.2566817237432
0.0 0.0 1.5707963267948966 104.20581236215509
-60747.07531696601 6787.613051344271 0.0 706.9559713593109
0.0 0.0 1.5707963267948966 136.14427745376713
-60976.65183845457 5696.134045232926 0.0 1058.2240352125418
0.0 0.0 1.5707963267948966 102.2050430030837
-61552.66805606502 4479.4716242674185 0.0 990.4083187912993
0.0 0.0 1.5707963267948966 104.10249849029293
-60745.18754403786 6737.236587023153 0.0 797.5458781639642
0.0 0.0 1.5707963267948966 109.13122103180905
-61323.583494770275 4277.618647415688 0.0 1095.9958163060799
0.0 0.0 1.5707963267948966 145.91104196225427
-61730.53794866303 5549.04011949711 0.0 1194.4594532088045
0.0 0.0 1.5707963267948966 163.31823055569635
-62054.531334630476 8003.116295403093 0.0 889.6035172224425
0.0 0.0 1.5707963267948966 114.30067665296603
-62855.810553152754 5081.338606268095 0.0 974.6827324534739
0.0 0.0 1.5707963267948966 107.01156982296314
-61274.42999456425 6939.696915487664 0.0 839.0300482607087
0.0 0.0 1.5707963267948966 131.50244706491287
-62177.01948269747 5351.971821850199 0.0 1080.2028610834461
0.0 0.0 1.5707963267948966 100.72564131118506
-61488.4339890983 4092.2152701991913 0.0 1053.0616643178723
0.0 0.0 1.5707963267948966 126.76326120840838
-61234.01161299688 4904.968755964203 0.0 1199.3350363099375
0.0 0.0 1.5707963267948966 110.99820941422253
-61295.40200203383 4969.78681004916 0.0 956.4930296065304
0.0 0.0 1.5707963267948966 118.02280736770089
-61701.19472024827 5195.120014622555 0.0 962.434952871241
0.0 0.0 1.5707963267948966 148.1246891410454
-61468.40035613155 6457.340083493496 0.0 1050.8866833438647
0.0 0.0 1.5707963267948966 155.34774833199205
-60589.99265292806 6876.202547611918 0.0 1028.8987401392064
0.0 0.0 1.5707963267948966 108.18563331109969
-62133.08949152255 5124.613016326123 0.0 945.6204359397584
0.0 0.0 1.5707963267948966 145.4992318707525
-62555.86335044736 5805.810219273014 0.0 1155.8633918151895
0.0 0.0 1.5707963267948966 115.51085102740915
-61688.662214909666 5195.79231195302 0.0 950.0689661614539
0.0 0.0 1.5707963267948966 152.30787026629753
-62288.08805444049 7231.653487476719 0.0 957.7044265625067
0.0 0.0 1.5707963267948966 107.97404088809476
-61968.442959785156 4480.073323778501 0.0 1023.3804530339372
0.0 0.0 1.5707963267948966 155.62227578294815
-60865.10316186797 6134.320713069092 0.0 1188.695502930113
0.0 0.0 1.5707963267948966 119.43226275027129
-62188.09381455026 4819.014664504402 0.0 1051.6307512747237
0.0 0.0 1.5707963267948966 138.4489391333891
-61879.83211591307 6049.823980120031 0.0 1058.338778674923
0.0 0.0 1.5707963267948966 107.2095722729097
-62580.99680285491 3976.1122024915267 0.0 1191.6949098481145
0.0 0.0 1.5707963267948966 118.39575367325887
-61523.64127056532 4939.871922471832 0.0 1003.2870790933567
0.0 0.0 1.5707963267948966 151.72103009435068
-62245.60354253148 7790.8104116697195 0.0 828.5756405013998
0.0 0.0 1.5707963267948966 118.12230113636389
-60800.84968396018 7420.047797331131 0.0 767.9047590866018
0.0 0.0 1.5707963267948966 139.52626103018594
-61062.00638223825 5613.100770238963 0.0 1133.4114969581806
0.0 0.0 1.5707963267948966 113.2732937462076
-60708.47082804736 4044.336115810552 0.0 1163.5777268104468
0.0 0.0 1.5707963267948966 103.58992204457542
-61724.423272518296 4037.0448862432213 0.0 1144.8804593438879
0.0 0.0 1.5707963267948966 118.68375370534082
-61681.287524016116 4952.383766730648 0.0 1054.9864614887706
0.0 0.0 1.5707963267948966 129.22758519941615
-61383.63535171086 5051.518071268629 0.0 1113.374170233882
0.0 0.0 1.5707963267948966 137.73211109077002
-62243.52065189543 6032.523209175722 0.0 1009.2085049862065
0.0 0.0 1.5707963267948966 127.68382023945169
-61377.258926313436 8097.067332272471 0.0 762.7160481880524
0.0 0.0 1.5707963267948966 150.06780302259187
-62310.37289348126 7191.910201949464 0.0 886.9755398636556
0.0 0.0 1.5707963267948966 129.7040025657321
-61774.3472576338 4985.346965023759 0.0 1170.912178318292
0.0 0.0 1.5707963267948966 122.93633546274674
-62430.11506633874 5962.422364728665 0.0 894.6992525503432
0.0 0.0 1.5707963267948966 142.51293697625127
-62027.88485851526 5920.914267136832 0.0 1088.7936171517567
0.0 0.0 1.5707963267948966 111.8815842454722
-62196.992767012605 5371.051082490337 0.0 944.3545818715331
0.0 0.0 1.5707963267948966 110.90970485548355
-61906.8658884451 4233.257789147889 0.0 1186.0810882139494
0.0 0.0 1.5707963267948966 168.90965761504236
-61123.6174466049 8333.821771719911 0.0 872.1962232687895
0.0 0.0 1.5707963267948966 123.77661157570824
-62161.35250269141 4458.012050421263 0.0 1199.6522569453407
0.0 0.0 1.5707963267948966 115.82087108710931
-61203.29871002381 4712.542534684201 0.0 1053.5475363585442
0.0 0.0 1.5707963267948966 102.61641172303074
-62644.55494848843 6721.4375180438055 0.0 787.9786783253696
0.0 0.0 1.5707963267948966 119.59321933588951
-61535.85642894917 5515.267538369507 0.0 960.7989622452637
0.0 0.0 1.5707963267948966 150.881409903881
-61626.85568479285 6598.5194669307975 0.0 1035.3973514880945
0.0 0.0 1.5707963267948966 138.79174490458178
-62256.46179305743 5943.9366269296925 0.0 1096.432525171219
0.0 0.0 1.5707963267948966 127.85404449630423
-60638.62205804177 5408.482161585932 0.0 1008.4024558675674
0.0 0.0 1.5707963267948966 158.87011424583676
-62311.3808006443 8037.711801210645 0.0 881.6191461509145
0.0 0.0 1.5707963267948966 230.12054994497788
-62046.820328304886 10704.790396460325 0.0 1149.0704531145234
0.0 0.0 1.5707963267948966 121.98438970678032
-62318.810695535794 5429.077003561367 0.0 997.3904025518136
0.0 0.0 1.5707963267948966 124.21529495856491
-62250.37590405605 5774.586685024168 0.0 933.9519860669546
0.0 0.0 1.5707963267948966 147.72854727111593
-62140.04813927949 6805.121243882086 0.0 943.6889911381166